124607816666.666672 0.000000000 0.000000000 0.000000000 -0.000000000 -0.000000000 -0.000000000 1.000000000
124891433333.333344 0.001579126 0.000353488 0.012002858 0.000104591 -0.006554636 0.001107731 0.999977887
124924800000.000000 0.001929598 0.000371060 0.013476420 0.000339241 -0.007292320 0.001079802 0.999972820
124958166666.666672 0.002183193 0.000269845 0.014828928 0.000159585 -0.007875511 0.001224881 0.999968231
125125000000.000000 0.003258268 0.000499799 0.021144964 0.000172166 -0.010273762 0.001433704 0.999946177
125158366666.666672 0.003406805 0.000608002 0.022501994 0.000132787 -0.010507596 0.001441542 0.999943793
125308516666.666656 0.004477947 0.001200203 0.028279243 0.000447013 -0.011323036 0.002150460 0.999933481
125408616666.666672 0.005222483 0.001170727 0.032328613 0.000240066 -0.011746990 0.002414278 0.999928057
125708916666.666672 0.006995739 0.001242794 0.044469781 -0.000092221 -0.011716077 0.001447003 0.999930322
125842383333.333328 0.007489689 0.001698259 0.049940810 -0.000236413 -0.011804193 0.001807772 0.999928653
126342883333.333328 0.010339522 0.002017108 0.070739202 -0.000401059 -0.012661961 0.001218835 0.999918997
126392933333.333328 0.010571943 0.002120858 0.072795980 -0.000136102 -0.012787423 0.001296380 0.999917388
126526400000.000000 0.011408986 0.002306587 0.078846045 0.000055683 -0.012933001 0.001153429 0.999915719
126626500000.000000 0.011606921 0.001935116 0.082979158 -0.000047447 -0.012751847 0.001184738 0.999917984
126676550000.000000 0.011983684 0.001990612 0.084648781 0.000030373 -0.012883841 0.001207169 0.999916315
127494033333.333328 0.016195821 0.003788255 0.120037645 0.001478665 -0.006618005 0.001225972 0.999976277
127527400000.000000 0.015923098 0.003738148 0.121027246 0.001259012 -0.004974293 0.000917204 0.999986410
127577450000.000000 0.014460963 0.003441767 0.124739341 0.000873494 -0.001226284 0.000749432 0.999998629
127894433333.333344 0.017472569 0.004027958 0.133511499 0.001275882 0.011714693 0.000158251 0.999930561
128261466666.666672 0.020409817 0.005172515 0.146602437 0.001474453 0.028023977 0.000014957 0.999606192
128328200000.000015 0.021201463 0.004843341 0.148849502 0.000921554 0.031309545 -0.000545557 0.999509215
128461666666.666672 0.021973824 0.005720690 0.153991923 0.001811046 0.038630784 -0.000401763 0.999251842
128761966666.666672 0.023953125 0.007745215 0.165944055 0.003400109 0.055530310 -0.001424495 0.998450220
129045583333.333328 0.025654567 0.007357941 0.177654609 0.002707333 0.070068978 -0.002092136 0.997536302
129145683333.333328 0.026231294 0.007728407 0.182160243 0.002663739 0.075167634 -0.002147594 0.997165084
129212416666.666656 0.026681781 0.007853341 0.185465887 0.002732526 0.078340173 -0.002269389 0.996920347
129829700000.000000 0.032186735 0.008847754 0.214468569 0.003376116 0.107325658 -0.003086579 0.994213402
129979850000.000000 0.033805933 0.008721584 0.222372219 0.003185703 0.113936841 -0.003730075 0.993475914
130130000000.000000 0.035195213 0.009236218 0.229771599 0.003100826 0.119763672 -0.003712587 0.992790639
131047583333.333328 0.046178956 0.010912764 0.277914405 0.003125432 0.150812477 -0.005382332 0.988542795
131147683333.333328 0.047076017 0.010835270 0.283313513 0.002960544 0.154096782 -0.005234792 0.988037467
131214416666.666672 0.048099697 0.011210099 0.287219495 0.002898786 0.155910313 -0.005447798 0.987751961
131431300000.000000 0.050185949 0.011703189 0.299432904 0.002636889 0.161907122 -0.005094224 0.986789346
131865066666.666672 0.055795733 0.012866369 0.323165834 0.002535583 0.173309386 -0.005526791 0.984848678
131948483333.333344 0.056795865 0.012836307 0.327737063 0.002278812 0.175522089 -0.005372243 0.984458268
132132000000.000000 0.059662391 0.012903186 0.338926584 0.002211885 0.179267764 -0.006506434 0.983776331
132432300000.000000 0.063455284 0.014192175 0.355932802 0.002414385 0.184232488 -0.005869168 0.982862234
132515716666.666656 0.064070061 0.014359024 0.360582173 0.002226647 0.186155319 -0.006052194 0.982499182
132699233333.333328 0.066323936 0.014411394 0.371223897 0.002245079 0.189820513 -0.007240741 0.981789529
132932800000.000015 0.070010796 0.015634429 0.384643286 0.002429336 0.194242150 -0.006354471 0.980930030
133183050000.000015 0.074203856 0.015923390 0.399342388 0.002235953 0.198604643 -0.006751857 0.980053902
133283150000.000000 0.075503051 0.015841968 0.405136108 0.002282921 0.200483933 -0.007099905 0.979668617
133366566666.666672 0.076464042 0.016020922 0.409583449 0.002181759 0.201666757 -0.007142316 0.979425728
133650183333.333328 0.080365777 0.017286854 0.425596058 0.002628488 0.204487145 -0.007459897 0.978837311
133733600000.000000 0.081558459 0.017071562 0.430421382 0.002519714 0.205182761 -0.007996719 0.978687823
133833700000.000000 0.083165973 0.016922507 0.436117619 0.002490379 0.205323517 -0.007551185 0.978661895
134217416666.666672 0.089767493 0.018384131 0.457716376 0.002657734 0.207453340 -0.007103763 0.978215516
134317516666.666672 0.091430470 0.018169470 0.463360757 0.002609981 0.208482146 -0.007072091 0.977997184
134417616666.666672 0.092586711 0.018101892 0.468650371 0.002577252 0.210421711 -0.007819954 0.977576077
134934800000.000000 0.100306392 0.018743653 0.497359663 0.002825362 0.219724342 -0.007841711 0.975526392
135018216666.666656 0.101740152 0.019003989 0.501804948 0.003102174 0.221193567 -0.007380802 0.975197077
135218416666.666656 0.105375782 0.020239199 0.512728453 0.003417639 0.224564537 -0.007786902 0.974422157
135502033333.333344 0.110587798 0.019567475 0.528693736 0.003212637 0.228158996 -0.008535008 0.973581195
135602133333.333344 0.112028584 0.020116240 0.534102559 0.003251804 0.229976654 -0.008794899 0.973151028
135702233333.333344 0.113577768 0.020665381 0.539727092 0.003463691 0.231864393 -0.007918485 0.972709775
135869066666.666672 0.116040304 0.021453857 0.549816489 0.003862353 0.235623881 -0.008735064 0.971797407
135952483333.333328 0.117323920 0.020957883 0.554713011 0.003272096 0.237638161 -0.008728083 0.971309006
136236100000.000000 0.122426182 0.022363629 0.570647478 0.004204949 0.243290097 -0.008523333 0.969907045
136319516666.666656 0.124151930 0.022567369 0.575390756 0.004037672 0.245040536 -0.008852855 0.969464004
136386249999.999985 0.125465006 0.022639930 0.579396427 0.004108116 0.246154293 -0.009083905 0.969179392
136469666666.666687 0.126925036 0.022475127 0.584376931 0.004004027 0.248136744 -0.009427603 0.968670905
136653183333.333344 0.129368097 0.022755183 0.594676018 0.004013199 0.251780182 -0.009980441 0.967724681
136736600000.000015 0.131103277 0.023231976 0.599578857 0.004277773 0.253055125 -0.009655067 0.967394233
136836700000.000000 0.132494316 0.023849396 0.605162740 0.004422026 0.254903346 -0.009377089 0.966911018
136970166666.666672 0.134802192 0.024188889 0.612785995 0.004643181 0.257447809 -0.010183469 0.966227412
137137000000.000000 0.138241962 0.023937630 0.622223735 0.004626988 0.260586739 -0.010545345 0.965381801
137420616666.666656 0.144565329 0.024789974 0.638818622 0.004066496 0.266780943 -0.010691904 0.963689327
137504033333.333313 0.146256268 0.024993246 0.643646181 0.004616510 0.268785536 -0.010627924 0.963130355
137620816666.666656 0.148235887 0.024727385 0.650332272 0.004421859 0.271743566 -0.011956936 0.962285280
137720916666.666687 0.149697483 0.024857696 0.655685067 0.004540430 0.274336159 -0.012118115 0.961546779
137971166666.666687 0.155539617 0.026762938 0.671471000 0.005203418 0.279285103 -0.011672490 0.960123241
138054583333.333344 0.157103837 0.026989868 0.676419318 0.005498207 0.280953437 -0.011304429 0.959639132
138138000000.000000 0.159119606 0.026827609 0.681287348 0.005228917 0.283071935 -0.011594222 0.959014356
138421616666.666656 0.166080043 0.028031748 0.696595669 0.006024964 0.289450824 -0.011023554 0.957110465
138505033333.333344 0.167993456 0.028720086 0.700925887 0.006262971 0.291303396 -0.011384971 0.956542492
138588450000.000000 0.169904083 0.028738514 0.705737531 0.006312217 0.293447167 -0.011275177 0.955887973
138671866666.666656 0.172151864 0.028560732 0.710629225 0.006209588 0.295300335 -0.011479044 0.955315351
138771966666.666656 0.174574628 0.028710004 0.715985179 0.006504044 0.297557592 -0.010943973 0.954618990
138972166666.666687 0.178702712 0.029170169 0.727365732 0.006061051 0.302221268 -0.011639793 0.953147471
139055583333.333344 0.180460244 0.029488245 0.731590509 0.006145171 0.303938001 -0.011471596 0.952602983
139255783333.333344 0.185095459 0.029086957 0.743444562 0.006015372 0.309578896 -0.011945890 0.950779736
139405933333.333344 0.188500747 0.029161312 0.751287341 0.005900444 0.313710898 -0.011766035 0.949427366
139572766666.666656 0.192818165 0.030368121 0.760442197 0.006286959 0.317840040 -0.011517967 0.948053539
139656183333.333344 0.194996744 0.030823886 0.765226185 0.006713469 0.320083827 -0.011190810 0.947299361
139722916666.666656 0.196659327 0.030856453 0.769226968 0.007014501 0.321890503 -0.011080299 0.946686089
139806333333.333313 0.198613852 0.030666262 0.774242461 0.006858371 0.324076831 -0.011037106 0.945941567
139889750000.000000 0.200629741 0.031037202 0.778984666 0.007153959 0.325964004 -0.011576796 0.945284247
140056583333.333313 0.204415381 0.031694725 0.787181020 0.007663886 0.328491509 -0.010610583 0.944416285
140140000000.000000 0.206296653 0.032502349 0.791950583 0.008121406 0.330213279 -0.010837579 0.943809211
140206733333.333344 0.207422063 0.032967731 0.795566499 0.008460674 0.331848264 -0.010800865 0.943233013
140323516666.666687 0.210106626 0.032552361 0.801809788 0.007917308 0.334132195 -0.011230158 0.942426085
140406933333.333344 0.212234899 0.032359216 0.806221724 0.007877598 0.335346699 -0.011790164 0.941988111
140557083333.333344 0.216045737 0.032472882 0.813775301 0.007786573 0.337427616 -0.012500549 0.941236258
140623816666.666656 0.217918828 0.032656044 0.817272246 0.007632427 0.338322788 -0.012548382 0.940915525
140707233333.333344 0.219933838 0.032928057 0.821403980 0.007608048 0.339664549 -0.012898170 0.940427423
140974166666.666656 0.227580011 0.032436986 0.835098147 0.007478314 0.342082024 -0.013477005 0.939543664
141040900000.000000 0.229590803 0.032404434 0.838273466 0.007039811 0.342219323 -0.014331126 0.939484477
141207733333.333313 0.234188884 0.033745222 0.846895695 0.007624756 0.342210859 -0.013693789 0.939492524
141274466666.666687 0.235969126 0.034082923 0.850050926 0.007844742 0.342195600 -0.013731990 0.939495623
141508033333.333344 0.241736293 0.033927776 0.861678421 0.008095670 0.342818797 -0.013394389 0.939271212
141674866666.666687 0.246199787 0.034220003 0.869240820 0.008133804 0.343192726 -0.014026585 0.939125061
141791650000.000000 0.248986185 0.034764141 0.874553561 0.008358717 0.344171315 -0.013899580 0.938766778
141875066666.666656 0.251379997 0.034873337 0.878611922 0.008118130 0.344941556 -0.014287435 0.938480377
141958483333.333344 0.253942132 0.034683198 0.882406592 0.007740393 0.345429331 -0.014192501 0.938305497
142041900000.000000 0.256074637 0.034645207 0.885943294 0.007718275 0.345853239 -0.014139751 0.938150346
142442300000.000000 0.267336458 0.035940576 0.904667020 0.008171423 0.347653657 -0.014905144 0.937468946
142525716666.666687 0.269374460 0.035790451 0.908389211 0.007765624 0.348463655 -0.014431918 0.937179029
142609133333.333344 0.272138655 0.035696909 0.912052274 0.007688858 0.348765999 -0.014548473 0.937065363
142775966666.666687 0.276968300 0.036088265 0.919660091 0.007638704 0.350056529 -0.015110756 0.936575532
142942800000.000000 0.282178611 0.037248865 0.926973462 0.007877458 0.351353794 -0.015611098 0.936079502
143309833333.333344 0.294768214 0.037456628 0.943709314 0.008204751 0.354332417 -0.015489924 0.934955239
143409933333.333313 0.297688663 0.037845094 0.948379159 0.008625111 0.355580449 -0.015636783 0.934475124
143576766666.666656 0.302523255 0.038081285 0.956134558 0.008551921 0.357146949 -0.015343365 0.933883011
143860383333.333344 0.311105579 0.038388282 0.968750358 0.008452620 0.361930609 -0.015485656 0.932038128
143960483333.333344 0.314492702 0.038899228 0.973246396 0.008469277 0.362915725 -0.015460710 0.931655169
144060583333.333344 0.317974240 0.039004013 0.977771044 0.008472411 0.363808572 -0.014851595 0.931316793
144160683333.333344 0.321640909 0.038828973 0.982478261 0.008369107 0.364484489 -0.015001295 0.931051016
144377566666.666656 0.327781379 0.039538518 0.991972327 0.008556114 0.365564734 -0.017047470 0.930590451
144477666666.666656 0.330796957 0.040064003 0.996430933 0.008574476 0.365411550 -0.016763387 0.930655599
144694550000.000000 0.338089228 0.040626787 1.006842375 0.008500176 0.365318865 -0.017345021 0.930682003
144811333333.333313 0.341439813 0.040538076 1.012085199 0.008528550 0.365410477 -0.017473752 0.930643439
144961483333.333344 0.346354902 0.041141570 1.019102812 0.008383387 0.365284026 -0.017992938 0.930684447
145061583333.333344 0.349661559 0.041668855 1.023740768 0.008189133 0.365183651 -0.018137120 0.930722773
145178366666.666687 0.353685051 0.041954935 1.029159427 0.008626196 0.364927739 -0.017660601 0.930828393
145495350000.000000 0.362638772 0.041992657 1.043439269 0.008291224 0.365216315 -0.018759772 0.930696726
145612133333.333344 0.366019547 0.042512450 1.048881769 0.008348185 0.365083665 -0.018365152 0.930756092
145912433333.333313 0.375547290 0.042702012 1.062852025 0.008501836 0.364742368 -0.018870918 0.930878460
146162683333.333344 0.383054256 0.043863572 1.073964238 0.008858913 0.364792526 -0.018706378 0.930858731
146329516666.666687 0.388290524 0.044013068 1.081379414 0.008726996 0.364558965 -0.019231057 0.930940807
146613133333.333344 0.396282732 0.044246912 1.093988419 0.008522243 0.364566445 -0.019329676 0.930937707
146763283333.333344 0.400883645 0.045155689 1.100925922 0.008973303 0.364380807 -0.019067641 0.931011558
147046900000.000000 0.408937961 0.044900507 1.113857508 0.008848005 0.364352465 -0.019098291 0.931023240
147463983333.333344 0.421354532 0.046056163 1.132846951 0.008977823 0.364183217 -0.019494019 0.931080043
147580766666.666687 0.424977779 0.045777604 1.138510942 0.008818484 0.364187300 -0.019556388 0.931078672
147764283333.333344 0.429300100 0.046654038 1.146340251 0.008664437 0.364215821 -0.019941512 0.931060731
147914433333.333344 0.433412135 0.047301292 1.153432846 0.008909053 0.363955170 -0.019868538 0.931161940
148448300000.000000 0.447964638 0.048107676 1.177121878 0.008812474 0.363385856 -0.019655922 0.931389689
148565083333.333344 0.451625168 0.047937006 1.182588339 0.008840424 0.363325894 -0.019593755 0.931414127
148698550000.000000 0.455455691 0.047709692 1.188655615 0.008703607 0.363258570 -0.019272104 0.931448400
148965483333.333344 0.462279975 0.049394909 1.200684309 0.009114196 0.363192290 -0.019623935 0.931462944
149065583333.333344 0.464852452 0.049212441 1.205287218 0.008828001 0.363276750 -0.019572517 0.931433856
149182366666.666656 0.468064517 0.048869878 1.210459352 0.008548137 0.363225430 -0.019615157 0.931455612
149482666666.666656 0.476697743 0.049997080 1.223099113 0.009153578 0.363228709 -0.019430418 0.931452394
149649500000.000000 0.481707990 0.050009292 1.230897188 0.008675389 0.363866031 -0.019361664 0.931209624
149899750000.000000 0.488466382 0.050398529 1.242373943 0.008872740 0.364811689 -0.019700242 0.930830598
149999850000.000000 0.490971982 0.050877951 1.246866703 0.008923483 0.365156561 -0.019631915 0.930696309
150099950000.000000 0.493454695 0.051117562 1.251584649 0.008697133 0.365455061 -0.019700432 0.930579901
150216733333.333344 0.496733665 0.050881095 1.256898403 0.008498685 0.365502477 -0.019850062 0.930559874
150316833333.333344 0.499585003 0.050869390 1.261476159 0.008736214 0.365882456 -0.019533820 0.930415094
150433616666.666656 0.503013134 0.051347632 1.266631126 0.008798067 0.366106093 -0.019727027 0.930322409
150750600000.000000 0.512543559 0.051988546 1.280852079 0.008592353 0.367861331 -0.019623140 0.929633915
150834016666.666656 0.514849544 0.051727805 1.284564734 0.008369633 0.368372262 -0.019891197 0.929427922
150917433333.333344 0.517442882 0.051989440 1.288323402 0.008735021 0.368371844 -0.020087818 0.929420471
151000850000.000000 0.519619405 0.052282643 1.291999221 0.008646343 0.368751019 -0.020627959 0.929259121
151100950000.000000 0.522208810 0.052891783 1.296447873 0.009056602 0.369280517 -0.020303719 0.929052055
151367883333.333344 0.529799700 0.052862816 1.308158278 0.008761689 0.370614022 -0.020379487 0.928522050
151534716666.666656 0.534469783 0.053416044 1.314807892 0.008918880 0.372377276 -0.021233432 0.927795708
151618133333.333344 0.536931634 0.053873777 1.318187714 0.009301584 0.373443425 -0.021037295 0.927367747
151684866666.666656 0.539078593 0.054164272 1.320885181 0.009199670 0.374227732 -0.020915098 0.927055299
151768283333.333344 0.541821361 0.054234445 1.324466228 0.009006499 0.375488520 -0.020984670 0.926545680
151935116666.666656 0.547654390 0.053841382 1.330889702 0.008869052 0.378360391 -0.021690797 0.925361753
152035216666.666656 0.550612986 0.053976312 1.334601641 0.008730685 0.379488081 -0.021729985 0.924900234
152135316666.666687 0.553978324 0.054634482 1.338588238 0.009033876 0.380652487 -0.021735752 0.924418569
152302150000.000000 0.559686959 0.055505782 1.345868945 0.009273483 0.384057313 -0.021329863 0.923016310
152569083333.333344 0.569415271 0.055244125 1.356573820 0.009005593 0.390816063 -0.021529287 0.920172930
152735916666.666656 0.575680494 0.055874389 1.363289237 0.008678470 0.395682782 -0.022443391 0.918071985
152852700000.000000 0.580249906 0.055995792 1.367625356 0.008704305 0.399236172 -0.022415403 0.916532755
152952800000.000000 0.584132135 0.055880770 1.371181369 0.008772320 0.402058601 -0.022907862 0.915285289
153052900000.000000 0.587800324 0.055651225 1.374741316 0.008872136 0.405387789 -0.023076631 0.913810432
153236416666.666656 0.595168352 0.056340404 1.380940914 0.009193460 0.409886479 -0.023508262 0.911787212
153319833333.333344 0.598518610 0.056890264 1.383861661 0.009314979 0.412138343 -0.023665592 0.910766304
153419933333.333344 0.602754593 0.057447627 1.387567282 0.010104154 0.415245771 -0.023414630 0.909351766
153887066666.666656 0.622483194 0.057890028 1.402551055 0.009951234 0.429583699 -0.024536353 0.902638793
153970483333.333344 0.625886619 0.057872839 1.404915571 0.009934995 0.431993812 -0.024701893 0.901483536
154070583333.333344 0.630170703 0.057492185 1.408327103 0.009842751 0.435219049 -0.024760082 0.899930298
154154000000.000000 0.633490086 0.057255503 1.410481930 0.009777262 0.437533617 -0.025313115 0.898792505
154437616666.666656 0.646017432 0.058608547 1.419203520 0.011215170 0.446219563 -0.024648389 0.894513726
154521033333.333344 0.649548411 0.058439609 1.421761274 0.010931513 0.449166298 -0.024689913 0.893040061
154637816666.666687 0.654926658 0.057906620 1.425887585 0.010370180 0.453804970 -0.025209133 0.890684068
154737916666.666687 0.658754408 0.057470325 1.427334309 0.009681370 0.456828713 -0.025632314 0.889132619
154888066666.666687 0.665498734 0.058109660 1.431978226 0.010500449 0.462505966 -0.025657963 0.886182666
155038216666.666656 0.671925187 0.058142222 1.435806632 0.010556509 0.468043268 -0.025621949 0.883270979
155121633333.333344 0.675729990 0.057904929 1.438076019 0.010505525 0.470937997 -0.025831057 0.881725490
155205050000.000000 0.679180026 0.057665844 1.440040112 0.010800090 0.473645806 -0.025622593 0.880276442
155288466666.666656 0.682786703 0.057699032 1.442111969 0.011020160 0.476513207 -0.025872922 0.878717482
155455300000.000000 0.690111935 0.058228478 1.446732998 0.011350313 0.482011229 -0.026073812 0.875703454
155522033333.333313 0.693117380 0.058278654 1.448581219 0.011394839 0.484004319 -0.025468973 0.874620736
155722233333.333344 0.702522695 0.058222651 1.455003500 0.011653596 0.490687221 -0.026054142 0.870868266
155805650000.000000 0.706230760 0.058242865 1.457502246 0.011813484 0.493641078 -0.026310582 0.869187415
155955800000.000000 0.712968528 0.058973379 1.462255239 0.012602803 0.499239683 -0.025894558 0.865985215
156039216666.666687 0.716449261 0.059155352 1.464493394 0.012410593 0.502149522 -0.026233735 0.864293754
156105950000.000000 0.719450712 0.059279088 1.466643333 0.012896907 0.504775345 -0.025793221 0.862768948
156172683333.333344 0.722243547 0.059205703 1.468454242 0.012917116 0.507028818 -0.025827337 0.861445248
156222733333.333344 0.724782228 0.058999471 1.470290065 0.013170850 0.509028256 -0.025414476 0.860273719
156289466666.666656 0.728311419 0.058927163 1.472787619 0.013226477 0.511358440 -0.025466874 0.858888268
156339516666.666656 0.730731070 0.058951486 1.474450588 0.013233199 0.512983561 -0.025898049 0.857905626
156389566666.666656 0.732992649 0.059063256 1.475924969 0.013496811 0.514554322 -0.026158998 0.856952369
156439616666.666656 0.734887123 0.059181653 1.477114916 0.013871546 0.516100228 -0.025713129 0.856029749
156639816666.666656 0.743741393 0.058425691 1.484120607 0.013164606 0.522289097 -0.024981197 0.852300882
156873383333.333313 0.753858805 0.058683809 1.491766095 0.014766568 0.529877424 -0.024492448 0.847591937
156940116666.666687 0.757223308 0.058571562 1.494307280 0.014577757 0.532105088 -0.025394309 0.846171916
157006850000.000000 0.760134578 0.058248740 1.496077538 0.014690113 0.533877254 -0.024733866 0.845072508
157056900000.000000 0.762295425 0.058219090 1.497446418 0.014604996 0.535319805 -0.024636287 0.844163775
157207050000.000000 0.768694758 0.059035584 1.501819134 0.015792459 0.539896369 -0.024595868 0.841223836
157273783333.333344 0.771306038 0.058991596 1.503411412 0.015922058 0.541829348 -0.024320511 0.839985669
157323833333.333344 0.773429036 0.058793250 1.504582167 0.015977165 0.543140769 -0.024240529 0.839139521
157390566666.666687 0.776155591 0.058291581 1.506030917 0.015597960 0.545084119 -0.024372574 0.837881863
157457300000.000000 0.779481769 0.057859886 1.507883430 0.015344159 0.546966016 -0.024860846 0.836644828
157524033333.333344 0.782658935 0.057560913 1.509538293 0.015240847 0.548549294 -0.024692440 0.835614562
158975483333.333344 0.850262702 0.058621000 1.544510126 0.017611003 0.582203686 -0.024644746 0.812478542
159259100000.000000 0.863460004 0.057936188 1.552232504 0.017178897 0.583154500 -0.024876650 0.811798573
159776283333.333344 0.888028145 0.058277316 1.568249464 0.017683418 0.582746327 -0.025332250 0.812066674
160059900000.000000 0.900002718 0.058669150 1.578472018 0.017445205 0.582592964 -0.025786525 0.812167585
160126633333.333344 0.903102994 0.059001535 1.581167698 0.017716670 0.582661510 -0.025565363 0.812119544
160326833333.333313 0.911061764 0.058743931 1.588982940 0.018213181 0.582691252 -0.024929659 0.812107027
160410250000.000000 0.914672613 0.058801040 1.591917992 0.018400095 0.582511544 -0.025027715 0.812228620
160476983333.333313 0.917094052 0.058830373 1.594114542 0.018324899 0.582247496 -0.025195273 0.812414467
160877383333.333344 0.933829784 0.059265040 1.607649088 0.018446678 0.580027580 -0.025034701 0.814003050
160960800000.000000 0.937768400 0.059131712 1.610821962 0.018568879 0.577754080 -0.024885146 0.815620184
161094266666.666656 0.942504108 0.059264250 1.615365624 0.018500384 0.572678864 -0.025279224 0.819181085
161161000000.000000 0.944312215 0.059201248 1.617465138 0.018122530 0.569928288 -0.025492294 0.821098983
161277783333.333344 0.949365258 0.059428997 1.621918201 0.018129440 0.565415561 -0.025295449 0.824218929
161394566666.666656 0.953129888 0.059106588 1.626155972 0.018071638 0.561279416 -0.024980610 0.827051938
161494666666.666656 0.956895232 0.058857158 1.629821062 0.018258588 0.557476401 -0.024751671 0.829622865
161544716666.666656 0.958383858 0.058749087 1.631382704 0.018318333 0.555632412 -0.024556385 0.830863416
161594766666.666656 0.960958779 0.058826327 1.633327723 0.018604929 0.553425014 -0.024342887 0.832335293
161694866666.666656 0.964994192 0.058944054 1.636689186 0.018652188 0.549178660 -0.023804834 0.835157573
161744916666.666687 0.967230082 0.059030049 1.638588905 0.018577768 0.547141612 -0.023900595 0.836492479
161911750000.000000 0.973934531 0.059114031 1.644590855 0.018568184 0.540883958 -0.024305400 0.840540946
162061900000.000000 0.980744541 0.058833234 1.650093436 0.018877301 0.534693778 -0.024251143 0.844486892
162111950000.000000 0.982765257 0.058608025 1.651933432 0.018708140 0.532905817 -0.024301451 0.845618606
162162000000.000000 0.984707236 0.058701351 1.653681278 0.018963259 0.530700624 -0.024469677 0.846993804
162262100000.000000 0.988345981 0.058502261 1.657662392 0.018513016 0.527336419 -0.023268932 0.849136114
162428933333.333344 0.994981408 0.058243092 1.664395809 0.018627007 0.521293998 -0.020060126 0.852937996
162529033333.333344 0.998833656 0.058224611 1.668671966 0.018688746 0.518247247 -0.020418681 0.854782760
162579083333.333344 1.001237392 0.057954010 1.670607090 0.018597182 0.516087830 -0.019425821 0.856113374
162645816666.666656 1.003976583 0.057720464 1.673332572 0.018790985 0.514182687 -0.018759103 0.857269585
162762600000.000000 1.008276105 0.057510450 1.678054094 0.018334469 0.510633349 -0.018749759 0.859398544
163062900000.000000 1.023663521 0.058134571 1.691446304 0.018965524 0.501354158 -0.016876519 0.864869654
163179683333.333344 1.028687954 0.057754640 1.696540356 0.018713210 0.497548342 -0.018063385 0.867046297
163246416666.666687 1.031672716 0.057535090 1.699428797 0.018753042 0.495203316 -0.018312823 0.868381619
163313150000.000000 1.034879565 0.057452694 1.702444792 0.018516768 0.492744982 -0.018600184 0.869777858
163363200000.000000 1.036860824 0.057697359 1.704672098 0.018464457 0.491184533 -0.018960519 0.870653391
163463300000.000000 1.041753888 0.058105949 1.709181905 0.018482834 0.486522436 -0.018456031 0.873277605
163580083333.333344 1.047405005 0.058120303 1.714885592 0.017977439 0.481456459 -0.017878795 0.876103282
163630133333.333344 1.050075293 0.058281519 1.717418432 0.018021831 0.479161799 -0.018800588 0.877340138
163696866666.666656 1.053282976 0.057772875 1.720549822 0.017892942 0.476132005 -0.017905319 0.879009426
163813650000.000000 1.059282064 0.057574071 1.726411819 0.017791936 0.471324027 -0.018026475 0.881596386
163863700000.000000 1.061923504 0.057749733 1.728827119 0.017771441 0.468929917 -0.018314680 0.882866621
163930433333.333313 1.065417051 0.058008559 1.732262969 0.017559806 0.466433108 -0.018224750 0.884194374
164164000000.000031 1.078737736 0.058487393 1.744127750 0.017526383 0.457784295 -0.017526053 0.888717711
164297466666.666687 1.086043835 0.058191046 1.751229525 0.017259361 0.453179598 -0.019303173 0.891043067
164364200000.000000 1.089786291 0.057727825 1.754722834 0.017210847 0.450815767 -0.018955296 0.892249763
164497666666.666687 1.096928835 0.057896212 1.761608601 0.017317595 0.446013153 -0.018716374 0.894663095
164564400000.000000 1.100530028 0.058101755 1.765141964 0.017182071 0.443949312 -0.018563831 0.895694792
164631133333.333344 1.103953362 0.058390532 1.768725157 0.017245514 0.441956699 -0.018900463 0.896671414
164697866666.666656 1.107584476 0.058412567 1.772426605 0.017073609 0.439981282 -0.019301463 0.897637188
164848016666.666656 1.116355181 0.057795074 1.780758858 0.017193276 0.435950875 -0.019344918 0.899598241
165081583333.333313 1.130456448 0.058374520 1.793540120 0.016995963 0.431309640 -0.019128481 0.901841044
165148316666.666656 1.134575129 0.058313057 1.797292590 0.016863884 0.430581748 -0.018740356 0.902199447
165315150000.000031 1.145448446 0.057384890 1.806731701 0.016841918 0.428029031 -0.018571511 0.903417230
165381883333.333344 1.149461746 0.056829449 1.810810566 0.016671328 0.427268356 -0.018701440 0.903777659
165465300000.000000 1.154181957 0.056307863 1.815146923 0.016305204 0.425789177 -0.018875828 0.904478550
165815650000.000000 1.173384428 0.057319891 1.836117029 0.016324211 0.419180036 -0.019176656 0.907553792
165932433333.333344 1.180141807 0.056606907 1.843040109 0.016151588 0.416605145 -0.019101769 0.908743322
166266100000.000000 1.199715376 0.057543911 1.862928629 0.015552471 0.409592271 -0.019690637 0.911923587
166432933333.333313 1.210758924 0.056672588 1.873511076 0.015795670 0.405707866 -0.019078653 0.913667142
166549716666.666687 1.217453003 0.055895634 1.880693436 0.015591993 0.402603686 -0.018770084 0.915049076
166633133333.333344 1.221834064 0.056172188 1.885845542 0.015731359 0.400339484 -0.018970547 0.916035473
166699866666.666687 1.225219846 0.056409154 1.889744878 0.015735088 0.398202091 -0.018660752 0.916972876
166916750000.000000 1.236697435 0.056338310 1.903513908 0.015279851 0.391888738 -0.018692274 0.919695854
167000166666.666687 1.241800785 0.055878378 1.908992290 0.015465229 0.389558345 -0.018024059 0.920695543
167066900000.000000 1.245376825 0.055569265 1.913344860 0.015516555 0.388130188 -0.017845763 0.921301126
167233733333.333344 1.255157471 0.056088448 1.924535632 0.015449771 0.384305030 -0.017928269 0.922902822
167317150000.000000 1.259967327 0.056583099 1.929827929 0.015669316 0.382467121 -0.017360006 0.923673153
167400566666.666656 1.265325904 0.056460828 1.935439825 0.015258146 0.380901903 -0.017996274 0.924314439
167483983333.333313 1.270608425 0.056032524 1.941021204 0.015531435 0.379247129 -0.016943593 0.925009906
167567400000.000000 1.276104212 0.055173345 1.946584940 0.015229237 0.377514929 -0.017043319 0.925721407
167750916666.666687 1.286953330 0.055051666 1.957544446 0.014837103 0.373285174 -0.017342323 0.927435875
167851016666.666687 1.292942047 0.055535346 1.964018345 0.014647181 0.370694101 -0.017455615 0.928475499
167934433333.333344 1.297929645 0.055939689 1.969881892 0.014651739 0.368563056 -0.017369276 0.929325044
168218050000.000000 1.316349149 0.054861989 1.989732265 0.014845205 0.361929536 -0.016684987 0.931937873
168318150000.000000 1.322568893 0.055624884 1.996413231 0.014645649 0.359794348 -0.017555751 0.932751477
168535033333.333344 1.337236881 0.056472264 2.011729717 0.014634374 0.355484635 -0.017236641 0.934408605
168618450000.000000 1.343086004 0.055962939 2.017298698 0.014612219 0.353714049 -0.017109420 0.935082972
168701866666.666656 1.348408699 0.055662666 2.022800207 0.014661273 0.351825148 -0.017078996 0.935795128
168801966666.666656 1.355469108 0.055384047 2.029998541 0.014607076 0.349546760 -0.017189231 0.936647356
168902066666.666656 1.361568809 0.055953201 2.036194324 0.014552786 0.346924394 -0.017389610 0.937618971
169219050000.000000 1.381593704 0.055771720 2.058782101 0.014407562 0.340321928 -0.016537029 0.940053165
169335833333.333344 1.389095187 0.054692850 2.066759348 0.014097936 0.338142872 -0.016090319 0.940851629
169652816666.666656 1.411611199 0.055824228 2.088104725 0.013984406 0.331985861 -0.016838737 0.943030417
169769600000.000000 1.419484973 0.055898733 2.096020222 0.014658661 0.329377085 -0.016776644 0.943935633
169869700000.000000 1.426395297 0.055538051 2.103601694 0.014749442 0.326657861 -0.016997082 0.944874704
170086583333.333313 1.439880013 0.054365180 2.117884636 0.013633398 0.319608659 -0.015923537 0.947317779
170253416666.666687 1.450796366 0.054245941 2.129781246 0.013262734 0.314149290 -0.016629132 0.949135363
170336833333.333344 1.456474662 0.054111816 2.135576725 0.013639107 0.311463892 -0.015808173 0.950028598
170420250000.000000 1.462216139 0.053432792 2.141217709 0.013408743 0.308458865 -0.015908957 0.951010108
170904066666.666656 1.492172599 0.053433064 2.172572374 0.013687762 0.290996999 -0.014937116 0.956509411
170987483333.333344 1.496770978 0.053321816 2.177833557 0.013917381 0.287273169 -0.014905703 0.957631648
171070900000.000000 1.501183271 0.052935444 2.183068991 0.013703381 0.283326417 -0.014749704 0.958812237
171504666666.666687 1.519255877 0.052932419 2.209650040 0.013093689 0.261930317 -0.014149004 0.964894295
171804966666.666687 1.530832052 0.052145809 2.227308750 0.012388308 0.245891929 -0.013269140 0.969127238
171888383333.333344 1.534571409 0.052717548 2.232077837 0.012773413 0.240676165 -0.013417391 0.970428646
171955116666.666656 1.536909223 0.052650020 2.236014366 0.012781834 0.237111077 -0.013267354 0.971307874
172238733333.333344 1.545772552 0.051571049 2.251590014 0.012386002 0.220808208 -0.011447797 0.975171447
172305466666.666656 1.546989083 0.051492766 2.254875898 0.012161722 0.217427120 -0.011430695 0.975933850
172472300000.000000 1.550931811 0.052344810 2.264668703 0.012199299 0.208061740 -0.011613509 0.977970660
172689183333.333344 1.556223392 0.053020764 2.276060104 0.012174509 0.196008638 -0.012593584 0.980445743
172755916666.666687 1.556965232 0.052736152 2.279648304 0.012004699 0.193179399 -0.012318549 0.981012642
172906066666.666687 1.558894992 0.051104769 2.287545919 0.010786884 0.186984241 -0.011127093 0.982240736
172972800000.000000 1.560721755 0.050481554 2.291043282 0.010141899 0.183648318 -0.011479411 0.982872665
173122950000.000000 1.565348029 0.051720131 2.299033642 0.011142174 0.175856918 -0.011069871 0.984290481
173306466666.666656 1.570584893 0.052509025 2.309091091 0.011881339 0.167311713 -0.010034367 0.985781372
173439933333.333344 1.574232936 0.052721784 2.316817045 0.012760586 0.161421299 -0.009505997 0.986757338
173706866666.666656 1.580143332 0.049956761 2.332189083 0.010926173 0.148994893 -0.007227255 0.988751233
173773600000.000031 1.581899405 0.050173096 2.336078644 0.010967162 0.145350456 -0.006882538 0.989295542
173940433333.333344 1.585998774 0.050609961 2.346317291 0.010696060 0.137047723 -0.007023813 0.990481794
174023850000.000000 1.587788820 0.050939389 2.351648331 0.011178989 0.133211181 -0.007115572 0.990999103
174257416666.666656 1.591971636 0.052429102 2.366769791 0.013367276 0.124339350 -0.006192378 0.992130399
174524350000.000000 1.600520968 0.050613698 2.384103537 0.011236736 0.111449830 -0.004546833 0.993696153
174707866666.666656 1.605094671 0.048850194 2.396209955 0.009564858 0.104643509 -0.003036090 0.994459152
174874700000.000000 1.610054016 0.049559336 2.406782866 0.011081366 0.097466096 -0.002762448 0.995173335
174958116666.666687 1.611841202 0.049934290 2.411595106 0.011695013 0.094369449 -0.003151136 0.995463610
175241733333.333344 1.617394090 0.048584502 2.428200722 0.010045005 0.084579289 -0.002400142 0.996363223
175325150000.000000 1.618409038 0.048834521 2.433132410 0.010110692 0.082926616 -0.002319449 0.996501684
175408566666.666687 1.619824886 0.048863351 2.438249350 0.010267330 0.081024043 -0.002303078 0.996656597
175692183333.333344 1.623649955 0.047424868 2.454917908 0.009876148 0.076263152 -0.001108246 0.997038245
175875700000.000000 1.627332926 0.047883119 2.465616465 0.010042333 0.071950212 -0.001405670 0.997356713
176075900000.000000 1.632684827 0.048148055 2.476820707 0.010032921 0.064890817 -0.000894557 0.997841537
176326150000.000000 1.638914466 0.046948582 2.491891861 0.009919235 0.056529682 0.000604458 0.998351455
176609766666.666687 1.645625114 0.046829198 2.508728504 0.009331972 0.047129367 0.001120640 0.998844624
176693183333.333344 1.647455692 0.047382321 2.513455391 0.009516657 0.044649020 0.000857504 0.998957038
176860016666.666656 1.650490046 0.047483210 2.524830103 0.009373954 0.041117009 0.000835648 0.999110043
177126950000.000000 1.655068994 0.046144027 2.544150114 0.008957526 0.036463637 0.001987154 0.999292910
177427250000.000000 1.661237240 0.046371352 2.565373421 0.008584490 0.032827862 0.002321918 0.999421477
177493983333.333344 1.662886381 0.046371631 2.570113420 0.008406821 0.032144990 0.002337594 0.999445140
177694183333.333344 1.667515874 0.045622170 2.585142136 0.008220363 0.030587645 0.003314224 0.999492824
177877700000.000000 1.671262145 0.045217611 2.598592281 0.008113500 0.028958641 0.003073058 0.999542952
178044533333.333344 1.674260139 0.045785636 2.611052275 0.008097632 0.027260911 0.003695996 0.999588728
178261416666.666656 1.678406596 0.045952830 2.627945185 0.007779857 0.024303269 0.003880110 0.999666870
178328150000.000000 1.679637909 0.045972250 2.632781029 0.008032771 0.023418637 0.003784020 0.999686301
178595083333.333344 1.686039329 0.045411292 2.652737379 0.007963642 0.019785309 0.004130727 0.999764025
178661816666.666687 1.687404990 0.045756318 2.657407999 0.008048846 0.019406568 0.004148134 0.999770641
178862016666.666687 1.693116426 0.046105720 2.671747923 0.007928782 0.016826363 0.004376753 0.999817431
178928750000.000000 1.694635272 0.046295565 2.676050663 0.008247494 0.016603308 0.004359651 0.999818623
179162316666.666656 1.701247096 0.044500422 2.692574501 0.007368907 0.013197141 0.004711551 0.999874711
179212366666.666656 1.702892780 0.044800814 2.695900679 0.007756947 0.012042246 0.004524025 0.999887168
179479300000.000000 1.709692836 0.046496734 2.714363337 0.008398701 0.008339299 0.003844563 0.999922574
179529350000.000000 1.709853411 0.046583761 2.717591524 0.008366968 0.008347291 0.004637321 0.999919415
179596083333.333313 1.711799502 0.046722014 2.722219706 0.008790032 0.007334632 0.004083490 0.999926150
179762916666.666687 1.715846062 0.046772230 2.733064413 0.009626877 0.005679967 0.003925774 0.999929845
179812966666.666687 1.716778994 0.046688244 2.736649275 0.009620752 0.005195673 0.004073751 0.999931931
179863016666.666687 1.717586756 0.046244428 2.739251852 0.009157500 0.005080846 0.004070595 0.999936879
179913066666.666687 1.718810797 0.046886098 2.742215633 0.009778748 0.004709459 0.004336527 0.999931693
179963116666.666687 1.719857812 0.046684541 2.744898319 0.009065725 0.004659255 0.004101354 0.999939680
